jails:
  jail:
    world: 5c41dfd9-1a7d-4a5f-ac47-da202acb57d7
    world-name: world
    x: 1.0067045365572274
    y: 55.0625
    z: 47.605198700285854
    yaw: -6.37152099609375
    pitch: 39.749881744384766
