world: 5c41dfd9-1a7d-4a5f-ac47-da202acb57d7
world-name: world
x: 13.0864088780084
y: 53.0
z: 12.353929991762717
yaw: 1.306539535522461
pitch: -1.5782499313354492
name: Afk
lastowner: 88166c94-fbdf-4db7-ac01-0137550e8646
