world: 5c41dfd9-1a7d-4a5f-ac47-da202acb57d7
world-name: world
x: -5.5
y: 72.0
z: -130.5
yaw: 1.316864013671875
pitch: 64.49996185302734
name: gamemodeselector
lastowner: 387e7966-34d8-4397-b4d7-0c1dff6d2c05
