world: 5c41dfd9-1a7d-4a5f-ac47-da202acb57d7
world-name: world
x: 962.0154189944392
y: 108.0
z: 51.628781380604885
yaw: 66.39022064208984
pitch: 31.248037338256836
name: gdworld
lastowner: 387e7966-34d8-4397-b4d7-0c1dff6d2c05
