world: 5c41dfd9-1a7d-4a5f-ac47-da202acb57d7
world-name: world
x: 961.8037223810724
y: 108.0
z: 44.666879528727854
yaw: -177.4746856689453
pitch: 10.050012588500977
name: NEWSPAWN
lastowner: 387e7966-34d8-4397-b4d7-0c1dff6d2c05
