world: bd42949a-e084-4cda-ac36-5e75e307b450
world-name: snipershowdown
x: 34.35218046185532
y: -53.0
z: -170.77141678608288
yaw: -44.609954833984375
pitch: 30.739234924316406
name: town-warzone
lastowner: 2d846ab1-9527-4701-8ce4-5b4d19becbd1
