world: 5c41dfd9-1a7d-4a5f-ac47-da202acb57d7
world-name: world
x: 217.4131584003258
y: 66.0
z: 762.6346404131838
yaw: -169.42919921875
pitch: 13.650035858154297
name: watchpplinpain
lastowner: 387e7966-34d8-4397-b4d7-0c1dff6d2c05
